0207
0118
0401
0902
0209
0685
0736
0817
0984
0322
0628
0064
0254
0873
0131
0438
0635
0831
0623
0446
0116
0230
0515
0073
0933
0983
0828
0576
0578
0324
0978
0318
0816
0714
0539
0451
0898
0478
0727
0332
0697
0231
0991
0110
0722
0751
0177
0522
0349
0414
0945
0602
0931
0561
0188
0408
0058
0057
0707
0782
0185
0037
0295
0895
0463
0796
0165
0112
0227
0138
0028
0880
0908
0993
0249
0749
0698
0700
0587
0374
0788
0203
0798
0334
0439
0145
0679
0137
0473
0532
0574
0765
0409
0306
0253
0474
0161
0171
0268
0018
0396
0017
0882
0947
0385
0011
0457
0785
0090
0689
0789
0214
0584
0410
0053
0493
0965
0524
0351
0100
0046
0773
0083
0316
0534
0675
0506
0790
0570
0662
0085
0909
0104
0958
0490
0004
0565
0159
0422
0756
0625
0383
0434
0856
0476
0890
0896
0389
0498
0646
0205
0096
0971
0135
0815
0552
0612
0456
0130
0269
0486
0051
0611
0068
0684
0014
0610
0879
0806
0514
0807
0015
0540
0904
0851
0795
0918
0354
0211
0818
0132
0678
0759
0704
0579
0465
0428
0350
0912
0453
0682
0778
0399
0810
0136
0076
0303
0275
0244
0298
0394
0554
0266
0243
0494
0190
0278
0040
0222
0692
0864
0614
0183
0435
0220
0044
0199
0927
0638
0718
0792
0375
0273
0459
0078
0155
0764
0139
0442
0992
0536
1004
0507
0621
0381
0513
0412
0217
0153
0121
0365
0464
0588
0427
0591
0208
0942
0516
0255
0925
0568
0886
0668
0779
0293
0881
0887
0695
0378
0760
0837
0424
0390
0696
0599
0838
0906
0583
0395
0582
0308
0777
0544
0977
0206
0636
0677
0720
0367
0557
0998
0178
0889
0907
0981
0339
0276
0687
0174
0119
0142
0758
0928
0245
0604
0089
0341
0822
0728
0547
0903
0323
0380
0059
0482
0814
0775
0553
0062
0716
0592
0191
0655
0279
0287
0125
0683
0335
0284
0671
0175
0761
0060
0861
0770
0256
0606
0669
0448
0979
0050
0282
0384
0049
0432
0730
0277
0337
0660
0074
0141
0995
0265
0086
0852
0632
0900
0982
0596
0160
0559
0157
0105
0021
0094
0994
0731
0667
0972
0173
0081
0755
0404
0147
0571
0910
0257
0326
0196
0193
0527
1001
0936
0626
0202
0639
0444
0271
0045
0741
0180
0661
0600
0369
0215
0598
0955
0111
0307
0603
0830
0940
0143
0575
0767
0946
0016
0218
0358
0172
0480
0630
0417
0737
1000
0633
0510
0976
0411
0388
0939
0491
0899
0508
0857
0866
0829
0080
0437
0098
0937
0091
0616
0039
0056
0181
0869
0891
0619
0745
0843
0858
0944
0865
0754
0932
0805
0802
0742
0329
0013
0240
0523
0846
0423
0312
0146
0366
0624
0221
0219
0152
0475
0225
0184
0403
0883
0260
0120
0054
0595
0664
0556
0670
0874
0935
0361
0327
0140
0665
0420
0872
0072
0999
0082
0458
0622
0500
0563
0433
0311
0833
0079
0234
0813
0168
0267
0772
0347
0248
0774
0236
0533
0543
0200
0106
0884
0149
0620
0721
0484
0462
0708
0643
0099
0735
0063
0929
1002
0605
0729
0022
0376
0400
0688
0989
0246
0304
0317
0027
0472
0006
0479
0353
0693
0357
0197
0224
0634
0842
0594
0447
0250
0020
0407
0454
0997
0654
0613
0845
0824
0416
0431
0009
0781
0941
0216
0123
0450
0975
0235
0201
0238
0663
0868
0108
0258
0913
0590
0127
0530
0002
0800
0808
0421
0328
0042
0963
0519
0951
0158
0811
0801
0087
0950
0870
0631
0953
0956
0799
0319
0413
0803
0198
0512
0397
0007
0821
0038
0641
0934
0980
0502
0948
0713
0922
0148
0259
0647
0377
0560
0061
0957
0075
0618
0270
0710
0877
0026
0286
0392
0699
0297
0019
0786
0008
0370
0285
0911
0717
0642
0694
0970
0787
0501
0538
0088
0382
0526
0095
0615
0711
0854
0035
0291
0283
0048
0415
0607
0733
0967
0055
1003
0330
0156
0333
0839
0126
0973
0166
0241
0961
0309
0418
0680
0436
0637
0362
0914
0573
0386
0783
0686
0084
0674
0809
0769
0784
0247
0070
0862
0915
0001
0763
0163
0916
0069
0331
0393
0067
0226
0186
0867
0521
0640
0943
0292
0959
0823
0379
0923
0771
0650
0826
0310
0723
0649
0477
0252
0065
0468
0546
0550
0302
0567
0835
0030
0629
0878
0128
0300
0077
0577
0262
0195
0102
0373
0445
0850
0162
0580
0182
0036
0290
0103
0987
0176
0031
0990
0189
0820
0986
0387
0213
0391
0863
0124
0348
0441
0581
0294
0430
0921
0528
0645
0443
0461
0242
0724
0097
0150
0876
0509
0299
0537
0345
0402
0974
0905
0092
0853
0251
0179
0288
0313
0892
0657
0164
0531
0747
0545
0952
0487
0732
0336
0525
0859
0791
0187
0566
0542
0212
0261
0589
0966
0192
0355
0529
0406
0405
0114
0440
0034
0691
0003
0151
0228
0849
0535
0012
0712
0793
0503
